UNITS MM,10000;
EDIT proj;
ADD P1 :W0.000000  57.5715,-14.9950 60.0715,-14.9950 60.0715,-13.4650 57.5715,-13.4650;
ADD P1 :W0.000000  45.3515,-13.4650 45.3514,-13.4650 45.3514,-14.9950 45.3515,-14.9950 45.5489,-14.9864 45.7448,-14.9606 45.9377,-14.9178 46.1262,-14.8584 46.3087,-14.7828 46.4840,-14.6915 46.6507,-14.5854 46.8074,-14.4651 46.9531,-14.3316 47.0866,-14.1859 47.2069,-14.0292 47.3130,-13.8625 47.4043,-13.6872 47.4799,-13.5047 47.5393,-13.3162 47.5821,-13.1233 47.6079,-12.9274 47.6165,-12.7300 47.6165,-12.7299 46.0865,-12.7299 46.0865,-12.7300 46.0837,-12.7941 46.0753,-12.8576 46.0615,-12.9202 46.0422,-12.9814 46.0176,-13.0406 45.9880,-13.0975 45.9536,-13.1516 45.9145,-13.2024 45.8712,-13.2497 45.8239,-13.2930 45.7731,-13.3321 45.7190,-13.3665 45.6621,-13.3961 45.6029,-13.4207 45.5417,-13.4400 45.4791,-13.4538 45.4156,-13.4622;
ADD P1 :W0.000000  55.3065,-8.4300 55.3065,-12.7300 56.8365,-12.7300 56.8365,-8.4300;
ADD P1 :W0.000000  48.3515,-7.6950 48.3516,-7.6950 48.3516,-6.1650 48.3515,-6.1650 48.1541,-6.1736 47.9582,-6.1994 47.7653,-6.2422 47.5768,-6.3016 47.3943,-6.3772 47.2190,-6.4685 47.0523,-6.5746 46.8956,-6.6949 46.7499,-6.8284 46.6164,-6.9741 46.4961,-7.1308 46.3900,-7.2975 46.2987,-7.4728 46.2231,-7.6553 46.1637,-7.8438 46.1209,-8.0367 46.0951,-8.2326 46.0865,-8.4300 46.0865,-8.4301 47.6165,-8.4301 47.6165,-8.4300 47.6193,-8.3659 47.6277,-8.3024 47.6415,-8.2398 47.6608,-8.1786 47.6854,-8.1194 47.7150,-8.0625 47.7494,-8.0084 47.7885,-7.9576 47.8318,-7.9103 47.8791,-7.8670 47.9299,-7.8279 47.9840,-7.7935 48.0409,-7.7639 48.1001,-7.7393 48.1613,-7.7200 48.2239,-7.7062 48.2874,-7.6978;
ADD P1 :W0.000000  46.0865,-8.4300 46.0865,-12.7300 47.6165,-12.7300 47.6165,-8.4300;
ADD P1 :W0.000000  55.3065,-8.4300 55.3065,-8.4301 56.8365,-8.4301 56.8365,-8.4300 56.8279,-8.2326 56.8021,-8.0367 56.7593,-7.8438 56.6999,-7.6553 56.6243,-7.4728 56.5330,-7.2975 56.4269,-7.1308 56.3066,-6.9741 56.1731,-6.8284 56.0274,-6.6949 55.8707,-6.5746 55.7040,-6.4685 55.5287,-6.3772 55.3462,-6.3016 55.1577,-6.2422 54.9648,-6.1994 54.7689,-6.1736 54.5715,-6.1650 54.5714,-6.1650 54.5714,-7.6950 54.5715,-7.6950 54.6356,-7.6978 54.6991,-7.7062 54.7617,-7.7200 54.8229,-7.7393 54.8821,-7.7639 54.9390,-7.7935 54.9931,-7.8279 55.0439,-7.8670 55.0912,-7.9103 55.1345,-7.9576 55.1736,-8.0084 55.2080,-8.0625 55.2376,-8.1194 55.2622,-8.1786 55.2815,-8.2398 55.2953,-8.3024 55.3037,-8.3659;
ADD P1 :W0.000000  40.3515,-14.9950 45.3515,-14.9950 45.3515,-13.4650 40.3515,-13.4650;
ADD P1 :W0.000000  35.3515,-13.7850 35.3515,-14.6750 40.3515,-14.9950 40.3515,-13.4650;
ADD P1 :W0.000000  57.0047,23.6982 60.0047,23.6982 60.0047,25.2282 57.0047,25.2282;
ADD P1 :W0.000000  57.0047,4.0782 60.0047,4.0782 60.0047,5.6082 57.0047,5.6082;
ADD P1 :W0.000000  55.7697,6.8432 55.7697,6.8433 54.2397,6.8433 54.2397,6.8432 54.2502,6.6022 54.2817,6.3631 54.3339,6.1276 54.4064,5.8975 54.4988,5.6747 54.6101,5.4607 54.7397,5.2573 54.8866,5.0659 55.0495,4.8880 55.2274,4.7251 55.4188,4.5782 55.6222,4.4486 55.8362,4.3373 56.0590,4.2449 56.2891,4.1724 56.5246,4.1202 56.7637,4.0887 57.0047,4.0782 57.0048,4.0782 57.0048,5.6082 57.0047,5.6082 56.8971,5.6129 56.7902,5.6270 56.6851,5.6503 56.5823,5.6827 56.4828,5.7239 56.3872,5.7737 56.2963,5.8315 56.2109,5.8971 56.1314,5.9699 56.0586,6.0494 55.9930,6.1348 55.9352,6.2257 55.8854,6.3213 55.8442,6.4208 55.8118,6.5236 55.7885,6.6287 55.7744,6.7356;
ADD P1 :W0.000000  57.0047,23.6982 57.0048,23.6982 57.0048,25.2282 57.0047,25.2282 56.7637,25.2177 56.5246,25.1862 56.2891,25.1340 56.0590,25.0615 55.8362,24.9691 55.6222,24.8578 55.4188,24.7282 55.2274,24.5813 55.0495,24.4184 54.8866,24.2405 54.7397,24.0491 54.6101,23.8457 54.4988,23.6317 54.4064,23.4089 54.3339,23.1788 54.2817,22.9433 54.2502,22.7042 54.2397,22.4632 54.2397,22.4631 55.7697,22.4631 55.7697,22.4632 55.7744,22.5708 55.7885,22.6777 55.8118,22.7828 55.8442,22.8856 55.8854,22.9851 55.9352,23.0807 55.9930,23.1716 56.0586,23.2570 56.1314,23.3365 56.2109,23.4093 56.2963,23.4749 56.3872,23.5327 56.4828,23.5825 56.5823,23.6237 56.6851,23.6561 56.7902,23.6794 56.8971,23.6935;
ADD P1 :W0.000000  48.3515,-7.6950 54.5715,-7.6950 54.5715,-6.1650 48.3515,-6.1650;
ADD P1 :W0.000000  25.6965,-12.7300 25.6965,-12.7299 24.8065,-12.7299 24.8065,-12.7300 24.8139,-12.8995 24.8360,-13.0677 24.8728,-13.2334 24.9238,-13.3952 24.9887,-13.5520 25.0671,-13.7025 25.1582,-13.8456 25.2615,-13.9802 25.3762,-14.1053 25.5013,-14.2200 25.6359,-14.3233 25.7790,-14.4144 25.9295,-14.4928 26.0863,-14.5577 26.2481,-14.6087 26.4138,-14.6455 26.5820,-14.6676 26.7515,-14.6750 26.7516,-14.6750 26.7516,-13.7850 26.7515,-13.7850 26.6596,-13.7810 26.5683,-13.7690 26.4784,-13.7491 26.3907,-13.7214 26.3056,-13.6862 26.2240,-13.6437 26.1464,-13.5942 26.0734,-13.5382 26.0055,-13.4760 25.9433,-13.4081 25.8873,-13.3351 25.8378,-13.2575 25.7953,-13.1759 25.7601,-13.0908 25.7324,-13.0031 25.7125,-12.9132 25.7005,-12.8219;
ADD P1 :W0.000000  54.2397,6.8432 54.2397,6.8431 55.7697,6.8431 55.7697,6.8432 55.7429,7.4572 55.6627,8.0666 55.5296,8.6666 55.3448,9.2527 55.1096,9.8205 54.8258,10.3657 54.4956,10.8840 54.1215,11.3716 53.7063,11.8248 53.2531,12.2400 52.7655,12.6141 52.2472,12.9443 51.7020,13.2281 51.1342,13.4633 50.5481,13.6481 49.9481,13.7812 49.3387,13.8614 48.7247,13.8882 48.7246,13.8882 48.7246,12.3582 48.7247,12.3582 49.2054,12.3372 49.6824,12.2744 50.1521,12.1703 50.6109,12.0256 51.0554,11.8415 51.4822,11.6193 51.8880,11.3608 52.2697,11.0679 52.6244,10.7429 52.9494,10.3882 53.2423,10.0065 53.5008,9.6007 53.7230,9.1739 53.9071,8.7294 54.0518,8.2706 54.1559,7.8009 54.2187,7.3239;
ADD P1 :W0.000000  48.7247,16.9482 48.7246,16.9482 48.7246,15.4182 48.7247,15.4182 49.3387,15.4450 49.9481,15.5252 50.5481,15.6583 51.1342,15.8431 51.7020,16.0783 52.2472,16.3621 52.7655,16.6923 53.2531,17.0664 53.7063,17.4816 54.1215,17.9348 54.4956,18.4224 54.8258,18.9407 55.1096,19.4859 55.3448,20.0537 55.5296,20.6398 55.6627,21.2398 55.7429,21.8492 55.7697,22.4632 55.7697,22.4633 54.2397,22.4633 54.2397,22.4632 54.2187,21.9825 54.1559,21.5055 54.0518,21.0358 53.9071,20.5770 53.7230,20.1325 53.5008,19.7057 53.2423,19.2999 52.9494,18.9182 52.6244,18.5635 52.2697,18.2385 51.8880,17.9456 51.4822,17.6871 51.0554,17.4649 50.6109,17.2808 50.1521,17.1361 49.6824,17.0320 49.2054,16.9692;
ADD P1 :W0.000000  36.6415,13.8650 36.6415,13.8651 35.7515,13.8651 35.7515,13.8650 35.7771,13.2789 35.8537,12.6972 35.9806,12.1244 36.1571,11.5649 36.3816,11.0229 36.6525,10.5025 36.9677,10.0077 37.3249,9.5423 37.7212,9.1097 38.1538,8.7134 38.6192,8.3562 39.1140,8.0410 39.6344,7.7701 40.1764,7.5456 40.7359,7.3691 41.3087,7.2422 41.8904,7.1656 42.4765,7.1400 43.0626,7.1656 43.6443,7.2422 44.2171,7.3691 44.7766,7.5456 45.3186,7.7701 45.8390,8.0410 46.3338,8.3562 46.7992,8.7134 47.2318,9.1097 47.6281,9.5423 47.9853,10.0077 48.3005,10.5025 48.5714,11.0229 48.7959,11.5649 48.9724,12.1244 49.0993,12.6972 49.1759,13.2789 49.2015,13.8650 49.2015,13.8651 48.3115,13.8651 48.3115,13.8650 48.2893,13.3564 48.2229,12.8518 48.1127,12.3548 47.9596,11.8693 47.7648,11.3990 47.5298,10.9475 47.2563,10.5182 46.9464,10.1143 46.6025,9.7390 46.2272,9.3951 45.8233,9.0852 45.3940,8.8117 44.9425,8.5767 44.4722,8.3819 43.9867,8.2288 43.4897,8.1186 42.9851,8.0522 42.4765,8.0300 41.9679,8.0522 41.4633,8.1186 40.9663,8.2288 40.4808,8.3819 40.0105,8.5767 39.5590,8.8117 39.1297,9.0852 38.7258,9.3951 38.3505,9.7390 38.0066,10.1143 37.6967,10.5182 37.4232,10.9475 37.1882,11.3990 36.9934,11.8693 36.8403,12.3548 36.7301,12.8518 36.6637,13.3564;
ADD P1 :W0.000000  48.3115,15.3950 48.3115,15.3949 49.2015,15.3949 49.2015,15.3950 49.1759,15.9811 49.0993,16.5628 48.9724,17.1356 48.7959,17.6951 48.5714,18.2371 48.3005,18.7575 47.9853,19.2523 47.6281,19.7177 47.2318,20.1503 46.7992,20.5466 46.3338,20.9038 45.8390,21.2190 45.3186,21.4899 44.7766,21.7144 44.2171,21.8909 43.6443,22.0178 43.0626,22.0944 42.4765,22.1200 41.8904,22.0944 41.3087,22.0178 40.7359,21.8909 40.1764,21.7144 39.6344,21.4899 39.1140,21.2190 38.6192,20.9038 38.1538,20.5466 37.7212,20.1503 37.3249,19.7177 36.9677,19.2523 36.6525,18.7575 36.3816,18.2371 36.1571,17.6951 35.9806,17.1356 35.8537,16.5628 35.7771,15.9811 35.7515,15.3950 35.7515,15.3949 36.6415,15.3949 36.6415,15.3950 36.6637,15.9036 36.7301,16.4082 36.8403,16.9052 36.9934,17.3907 37.1882,17.8610 37.4232,18.3125 37.6967,18.7418 38.0066,19.1457 38.3505,19.5210 38.7258,19.8649 39.1297,20.1748 39.5590,20.4483 40.0105,20.6833 40.4808,20.8781 40.9663,21.0312 41.4633,21.1414 41.9679,21.2078 42.4765,21.2300 42.9851,21.2078 43.4897,21.1414 43.9867,21.0312 44.4722,20.8781 44.9425,20.6833 45.3940,20.4483 45.8233,20.1748 46.2272,19.8649 46.6025,19.5210 46.9464,19.1457 47.2563,18.7418 47.5298,18.3125 47.7648,17.8610 47.9596,17.3907 48.1127,16.9052 48.2229,16.4082 48.2893,15.9036;
ADD P1 :W0.000000  36.6415,15.3950 35.7515,15.3950 35.7515,13.8650 36.6415,13.8650;
ADD P1 :W0.000000  34.7515,13.8650 35.7515,13.8650 35.7515,15.3950 34.7515,15.3950;
ADD P1 :W0.000000  35.3515,-13.7830 26.7515,-13.7830 26.7515,-14.6770 35.3515,-14.6770;
ADD P1 :W0.000000  56.8365,-12.7300 56.8365,-12.7299 55.3065,-12.7299 55.3065,-12.7300 55.3151,-12.9274 55.3409,-13.1233 55.3837,-13.3162 55.4431,-13.5047 55.5187,-13.6872 55.6100,-13.8625 55.7161,-14.0292 55.8364,-14.1859 55.9699,-14.3316 56.1156,-14.4651 56.2723,-14.5854 56.4390,-14.6915 56.6143,-14.7828 56.7968,-14.8584 56.9853,-14.9178 57.1782,-14.9606 57.3741,-14.9864 57.5715,-14.9950 57.5716,-14.9950 57.5716,-13.4650 57.5715,-13.4650 57.5074,-13.4622 57.4439,-13.4538 57.3813,-13.4400 57.3201,-13.4207 57.2609,-13.3961 57.2040,-13.3665 57.1499,-13.3321 57.0991,-13.2930 57.0518,-13.2497 57.0085,-13.2024 56.9694,-13.1516 56.9350,-13.0975 56.9054,-13.0406 56.8808,-12.9814 56.8615,-12.9202 56.8477,-12.8576 56.8393,-12.7941;
ADD P1 :W0.000000  24.8065,-2.7300 24.8065,-12.7300 25.6965,-12.7300 25.6965,-2.7300;
ADD P1 :W0.000000  24.8065,-2.7300 24.8065,-2.7301 25.6965,-2.7301 25.6965,-2.7300 25.6891,-2.5605 25.6670,-2.3923 25.6302,-2.2266 25.5792,-2.0648 25.5143,-1.9080 25.4359,-1.7575 25.3448,-1.6144 25.2415,-1.4798 25.1268,-1.3547 25.0017,-1.2400 24.8671,-1.1367 24.7240,-1.0456 24.5735,-0.9672 24.4167,-0.9023 24.2549,-0.8513 24.0892,-0.8145 23.9210,-0.7924 23.7515,-0.7850 23.7514,-0.7850 23.7514,-1.6750 23.7515,-1.6750 23.8434,-1.6790 23.9347,-1.6910 24.0246,-1.7109 24.1123,-1.7386 24.1974,-1.7738 24.2790,-1.8163 24.3566,-1.8658 24.4296,-1.9218 24.4975,-1.9840 24.5597,-2.0519 24.6157,-2.1249 24.6652,-2.2025 24.7077,-2.2841 24.7429,-2.3692 24.7706,-2.4569 24.7905,-2.5468 24.8025,-2.6381;
ADD P1 :W0.000000  23.7515,-0.7850 21.7515,-0.7850 21.7515,-1.6750 23.7515,-1.6750;
ADD P1 :W0.000000  34.7515,15.5200 26.7515,15.5200 26.7515,13.7400 34.7515,13.7400;
ADD P1 :W0.000000  23.7515,2.5200 23.7514,2.5200 23.7514,0.7400 23.7515,0.7400 23.9598,0.7491 24.1665,0.7763 24.3701,0.8214 24.5689,0.8841 24.7616,0.9639 24.9465,1.0602 25.1223,1.1722 25.2878,1.2992 25.4415,1.4400 25.5823,1.5937 25.7093,1.7592 25.8213,1.9350 25.9176,2.1199 25.9974,2.3126 26.0601,2.5114 26.1052,2.7150 26.1324,2.9217 26.1415,3.1300 26.1415,3.1301 24.3615,3.1301 24.3615,3.1300 24.3592,3.0768 24.3522,3.0241 24.3407,2.9721 24.3247,2.9214 24.3043,2.8722 24.2798,2.8250 24.2512,2.7801 24.2188,2.7379 24.1828,2.6987 24.1436,2.6627 24.1014,2.6303 24.0565,2.6017 24.0093,2.5772 23.9601,2.5568 23.9094,2.5408 23.8574,2.5293 23.8047,2.5223;
ADD P1 :W0.000000  24.3615,13.1300 24.3615,3.1300 26.1415,3.1300 26.1415,13.1300;
ADD P1 :W0.000000  21.2274,0.7650 21.2274,0.7649 22.2156,0.7649 22.2156,0.7650 22.1923,1.2979 22.1227,1.8267 22.0073,2.3474 21.8469,2.8561 21.6428,3.3489 21.3965,3.8220 21.1099,4.2719 20.7852,4.6951 20.4248,5.0883 20.0316,5.4487 19.6084,5.7734 19.1586,6.0600 18.6854,6.3063 18.1926,6.5104 17.6839,6.6708 17.1632,6.7862 16.6344,6.8558 16.1015,6.8791 15.5686,6.8558 15.0398,6.7862 14.5191,6.6708 14.0104,6.5104 13.5176,6.3063 13.0444,6.0600 12.5946,5.7734 12.1714,5.4487 11.7782,5.0883 11.4178,4.6951 11.0931,4.2719 10.8065,3.8221 10.5602,3.3489 10.3561,2.8561 10.1957,2.3474 10.0803,1.8267 10.0107,1.2979 9.9874,0.7650 9.9874,0.7649 10.9756,0.7649 10.9756,0.7650 10.9951,1.2118 11.0535,1.6551 11.1503,2.0917 11.2847,2.5182 11.4559,2.9313 11.6623,3.3279 11.9026,3.7051 12.1748,4.0599 12.4769,4.3896 12.8066,4.6917 13.1614,4.9639 13.5385,5.2042 13.9352,5.4106 14.3483,5.5818 14.7748,5.7162 15.2114,5.8130 15.6547,5.8714 16.1015,5.8909 16.5483,5.8714 16.9916,5.8130 17.4282,5.7162 17.8547,5.5818 18.2678,5.4106 18.6645,5.2042 19.0416,4.9639 19.3964,4.6917 19.7261,4.3896 20.0282,4.0599 20.3004,3.7051 20.5407,3.3280 20.7471,2.9313 20.9183,2.5182 21.0527,2.0917 21.1495,1.6551 21.2079,1.2118;
ADD P1 :W0.000000  10.5829,-0.7650 10.5829,-0.7649 10.3801,-0.7649 10.3801,-0.7650 10.4019,-1.2637 10.4670,-1.7585 10.5751,-2.2458 10.7251,-2.7218 10.9162,-3.1830 11.1466,-3.6257 11.4148,-4.0467 11.7187,-4.4426 12.0559,-4.8106 12.4239,-5.1478 12.8198,-5.4517 13.2408,-5.7199 13.6835,-5.9503 14.1447,-6.1414 14.6207,-6.2914 15.1080,-6.3995 15.6028,-6.4646 16.1015,-6.4864 16.6002,-6.4646 17.0950,-6.3995 17.5823,-6.2914 18.0583,-6.1414 18.5195,-5.9503 18.9622,-5.7199 19.3832,-5.4517 19.7791,-5.1478 20.1471,-4.8106 20.4843,-4.4426 20.7882,-4.0467 21.0564,-3.6257 21.2868,-3.1830 21.4779,-2.7218 21.6279,-2.2458 21.7360,-1.7585 21.8011,-1.2637 21.8229,-0.7650 21.8229,-0.7649 21.6201,-0.7649 21.6201,-0.7650 21.5991,-1.2460 21.5363,-1.7233 21.4321,-2.1933 21.2873,-2.6525 21.1031,-3.0973 20.8807,-3.5243 20.6221,-3.9303 20.3290,-4.3123 20.0037,-4.6672 19.6488,-4.9925 19.2668,-5.2856 18.8608,-5.5442 18.4338,-5.7666 17.9890,-5.9508 17.5298,-6.0956 17.0598,-6.1998 16.5825,-6.2626 16.1015,-6.2836 15.6205,-6.2626 15.1432,-6.1998 14.6732,-6.0956 14.2140,-5.9508 13.7692,-5.7666 13.3422,-5.5442 12.9362,-5.2856 12.5542,-4.9925 12.1993,-4.6672 11.8740,-4.3123 11.5809,-3.9303 11.3223,-3.5243 11.0999,-3.0973 10.9157,-2.6525 10.7709,-2.1933 10.6667,-1.7233 10.6039,-1.2460;
ADD P1 :W0.000000  26.7515,13.7400 26.7516,13.7400 26.7516,15.5200 26.7515,15.5200 26.5432,15.5109 26.3365,15.4837 26.1329,15.4386 25.9341,15.3759 25.7414,15.2961 25.5565,15.1998 25.3807,15.0878 25.2152,14.9608 25.0615,14.8200 24.9207,14.6663 24.7937,14.5008 24.6817,14.3250 24.5854,14.1401 24.5056,13.9474 24.4429,13.7486 24.3978,13.5450 24.3706,13.3383 24.3615,13.1300 24.3615,13.1299 26.1415,13.1299 26.1415,13.1300 26.1438,13.1832 26.1508,13.2359 26.1623,13.2879 26.1783,13.3386 26.1987,13.3878 26.2232,13.4350 26.2518,13.4799 26.2842,13.5221 26.3202,13.5613 26.3594,13.5973 26.4016,13.6297 26.4465,13.6583 26.4937,13.6828 26.5429,13.7032 26.5936,13.7192 26.6456,13.7307 26.6983,13.7377;
ADD P1 :W0.000000  23.7515,2.5200 21.7515,2.5200 21.7515,0.7400 23.7515,0.7400;
ADD P1 :W0.000000  10.9630,0.7650 10.0000,0.7650 10.0000,-0.7650 10.5844,-0.7650 10.5844,0.0000 10.9630,0.0000;
ADD P1 :W0.000000  0.0000,-0.7650 10.0000,-0.7650 10.0000,0.7650 0.0000,0.7650;
SAVE;
